[gd_scene load_steps=17 format=3 uid="uid://6kakbhuggq26"]

[ext_resource type="PackedScene" uid="uid://b2vlcynywuco8" path="res://Assets/RPG/KayKit_Adventurers_1.0_FREE/KayKit_Adventurers_1.0_FREE/Characters/gltf/Knight.glb" id="1_5nuvq"]
[ext_resource type="Script" path="res://Scenes/Characters/player_inv_controller.gd" id="2_jykij"]
[ext_resource type="Script" path="res://Scenes/Characters/effects_manager.gd" id="3_bflbf"]
[ext_resource type="Script" path="res://Scenes/Characters/player_camera.gd" id="3_lgjmf"]
[ext_resource type="AnimationNodeStateMachine" uid="uid://brktypcshptqv" path="res://Resources/knight_state.tres" id="3_px838"]
[ext_resource type="Script" path="res://Scripts/hurtbox.gd" id="4_0qxlp"]
[ext_resource type="PackedScene" uid="uid://ckstcle8h8g1f" path="res://Scenes/Characters/Character_UI/PlayerUI.tscn" id="5_dhop0"]
[ext_resource type="Texture2D" uid="uid://b0pidw1cbkwmk" path="res://Assets/UI_Assets/Barbarian.png" id="6_l5xkd"]
[ext_resource type="FontFile" uid="uid://csf05u5hrgcdp" path="res://Resources/SuperComic-qZg62.ttf" id="7_1wf5s"]
[ext_resource type="Script" path="res://Scenes/Characters/player_interact.gd" id="8_ro6vs"]

[sub_resource type="AnimationNodeTimeScale" id="AnimationNodeTimeScale_7eciw"]

[sub_resource type="AnimationNodeBlendTree" id="AnimationNodeBlendTree_k08pb"]
nodes/AnimationNodeStateMachine/node = ExtResource("3_px838")
nodes/AnimationNodeStateMachine/position = Vector2(-160, 120)
nodes/TimeScale/node = SubResource("AnimationNodeTimeScale_7eciw")
nodes/TimeScale/position = Vector2(115.451, 129.532)
node_connections = [&"TimeScale", 0, &"AnimationNodeStateMachine", &"output", 0, &"TimeScale"]

[sub_resource type="CapsuleShape3D" id="CapsuleShape3D_p56nj"]
height = 2.4

[sub_resource type="CapsuleShape3D" id="CapsuleShape3D_57f32"]

[sub_resource type="StyleBoxTexture" id="StyleBoxTexture_45j4e"]
texture = ExtResource("6_l5xkd")

[sub_resource type="SphereShape3D" id="SphereShape3D_1pig8"]
radius = 3.0

[node name="Knight" groups=["Player"] instance=ExtResource("1_5nuvq")]
collision_layer = 9

[node name="InventoryController" type="Node3D" parent="." index="0"]
script = ExtResource("2_jykij")

[node name="EffectsManager" type="Node3D" parent="." index="1"]
script = ExtResource("3_bflbf")

[node name="Skeleton3D" parent="Rig" index="0"]
transform = Transform3D(-1, 0, -8.74228e-08, 0, 1, 0, 8.74228e-08, 0, -1, 0, 0, 0)
bones/1/position = Vector3(0, 0.450852, 0)
bones/1/rotation = Quaternion(0, 0.110053, 0, 0.993926)
bones/2/rotation = Quaternion(0.048452, -0.109892, 0.00637882, 0.992741)
bones/3/rotation = Quaternion(0.00240891, 3.71308e-12, 5.58049e-11, 0.999997)
bones/4/rotation = Quaternion(-0.685219, -0.323413, -0.312181, 0.573082)
bones/4/scale = Vector3(0.999999, 0.999999, 1)
bones/5/rotation = Quaternion(1.70711e-08, -5.73456e-08, -0.575825, 0.817573)
bones/6/rotation = Quaternion(-9.73784e-11, -2.98437e-10, 0.0266581, 0.999645)
bones/6/scale = Vector3(1, 1, 1)
bones/7/rotation = Quaternion(-0.0143574, 0.0220647, 0.439815, 0.897702)
bones/8/position = Vector3(8.34843e-10, 0.0961252, -0.0575)
bones/8/rotation = Quaternion(1.60975e-09, 1.60975e-09, -0.707107, 0.707107)
bones/8/scale = Vector3(1, 1, 1)
bones/14/rotation = Quaternion(-0.670346, 0.352088, 0.335041, 0.56073)
bones/14/scale = Vector3(0.999999, 0.999999, 1)
bones/15/rotation = Quaternion(1.55475e-08, 5.04554e-08, 0.525015, 0.851093)
bones/16/rotation = Quaternion(-9.73784e-11, 2.98437e-10, -0.0266581, 0.999645)
bones/16/scale = Vector3(1, 1, 1)
bones/17/rotation = Quaternion(0.0382991, -0.060166, -0.416524, 0.906323)
bones/18/position = Vector3(1.40663e-08, 0.0961251, -0.0575)
bones/18/rotation = Quaternion(-2.34153e-09, 7.60989e-09, 0.707107, 0.707107)
bones/18/scale = Vector3(1, 1, 1)
bones/24/position = Vector3(0.170945, 0.113587, 1.78556e-08)
bones/24/rotation = Quaternion(0.950854, -0.00144194, 0.126505, 0.282615)
bones/24/scale = Vector3(1, 1, 1)
bones/25/rotation = Quaternion(0.427614, 6.18938e-08, -2.92493e-07, 0.903962)
bones/26/rotation = Quaternion(-0.187556, -0.044071, 0.0117959, 0.981194)
bones/27/rotation = Quaternion(-3.03504e-08, 0.920355, -0.391084, 7.15634e-08)
bones/27/scale = Vector3(1, 1, 1)
bones/28/position = Vector3(-0.170945, 0.113587, 1.78556e-08)
bones/28/rotation = Quaternion(0.923461, -0.0835668, 0.058476, 0.369888)
bones/28/scale = Vector3(1, 1, 1)
bones/29/rotation = Quaternion(0.872392, -3.28502e-08, 5.98049e-07, 0.488807)
bones/30/rotation = Quaternion(-0.719293, 0.0359314, -0.0619483, 0.691005)
bones/31/rotation = Quaternion(2.88291e-08, 0.920355, -0.391084, -6.9174e-08)
bones/31/scale = Vector3(1, 1, 1)
bones/32/rotation = Quaternion(0.707107, -2.29302e-07, -4.60552e-08, 0.707107)
bones/33/position = Vector3(0.210945, -0.0291715, 0.163613)
bones/33/rotation = Quaternion(-0.420781, 0.0183716, 0.0395617, 0.906113)
bones/34/position = Vector3(3.43593e-08, 0.362833, -2.42861e-15)
bones/34/rotation = Quaternion(7.10544e-15, -1.49012e-08, 1, 1.05879e-22)
bones/35/rotation = Quaternion(-1.026e-07, 0.391084, 0.920355, -2.99279e-08)
bones/36/position = Vector3(-6.31128e-09, 0.16565, 5.63557e-09)
bones/37/rotation = Quaternion(1, -1.69494e-15, 1.94009e-07, 1.86265e-09)
bones/39/rotation = Quaternion(0.707107, -3.82385e-08, 1.45009e-07, 0.707107)
bones/40/position = Vector3(-0.210945, 0.139754, 0.225909)
bones/40/rotation = Quaternion(-0.511457, -0.0223308, -0.0374699, 0.858201)
bones/41/position = Vector3(3.43593e-08, 0.362833, 2.42861e-15)
bones/41/rotation = Quaternion(7.10544e-15, 7.45058e-09, 1, -9.31323e-10)
bones/42/position = Vector3(3.75294e-09, 0.213436, 1.07269e-08)
bones/42/rotation = Quaternion(-1.00542e-07, 0.391084, 0.920355, -2.70299e-08)
bones/43/position = Vector3(-6.31127e-09, 0.16565, -2.00878e-08)
bones/43/rotation = Quaternion(-0.391084, -6.885e-08, -6.56287e-08, 0.920355)
bones/44/rotation = Quaternion(1, -2.45728e-15, 1.95173e-07, 1.49012e-08)
bones/46/rotation = Quaternion(-0.707107, -7.27951e-08, -7.27951e-08, 0.707107)
bones/47/position = Vector3(0.620841, 1.12727, 0.0512295)
bones/47/rotation = Quaternion(0.599673, 0.37472, 0.421563, -0.567681)
bones/48/rotation = Quaternion(-0.707107, -7.27951e-08, -7.27951e-08, 0.707107)
bones/49/position = Vector3(-0.639244, 1.12537, 0.0597369)
bones/49/rotation = Quaternion(0.555169, -0.395957, -0.407614, -0.607336)

[node name="1H_Sword_Offhand" parent="Rig/Skeleton3D" index="0"]
transform = Transform3D(-0.928044, 0.36374, 0.0801563, 0.0746458, -0.0292067, 0.996782, 0.364911, 0.931041, -4.66701e-05, 0.775087, 1.06053, 0.0697247)
visible = false

[node name="Badge_Shield" parent="Rig/Skeleton3D" index="1"]
transform = Transform3D(-0.928043, 0.363743, 0.0801558, 0.0746451, -0.0292071, 0.996782, 0.364914, 0.93104, -4.62342e-05, 0.787582, 1.21591, 0.0697175)

[node name="Rectangle_Shield" parent="Rig/Skeleton3D" index="2"]
transform = Transform3D(-0.928043, 0.363743, 0.0801558, 0.0746451, -0.0292071, 0.996782, 0.364914, 0.93104, -4.62342e-05, 0.787582, 1.21591, 0.0697175)
visible = false

[node name="Round_Shield" parent="Rig/Skeleton3D" index="3"]
transform = Transform3D(-0.928043, 0.363743, 0.0801558, 0.0746451, -0.0292071, 0.996782, 0.364914, 0.93104, -4.62342e-05, 0.787582, 1.21591, 0.0697175)
visible = false

[node name="Spike_Shield" parent="Rig/Skeleton3D" index="4"]
transform = Transform3D(-0.928043, 0.363743, 0.0801558, 0.0746451, -0.0292071, 0.996782, 0.364914, 0.93104, -4.62342e-05, 0.787582, 1.21591, 0.0697175)
visible = false

[node name="1H_Sword" parent="Rig/Skeleton3D" index="5"]
transform = Transform3D(0.933903, -0.356417, -0.0280858, -0.051222, -0.0556396, -0.997136, 0.353834, 0.932668, -0.0702185, -0.807692, 1.06898, 0.0874343)

[node name="2H_Sword" parent="Rig/Skeleton3D" index="6"]
transform = Transform3D(0.933903, -0.356417, -0.0280858, -0.051222, -0.0556396, -0.997136, 0.353834, 0.932668, -0.0702185, -0.807692, 1.06898, 0.0874343)
visible = false

[node name="Knight_Helmet" parent="Rig/Skeleton3D" index="7"]
transform = Transform3D(0.999998, -0.00200955, 0.000166563, 0.00201605, 0.994742, -0.102396, 4.00692e-05, 0.102396, 0.994744, -0.00124222, 1.25801, 0.0615089)

[node name="Knight_Cape" parent="Rig/Skeleton3D" index="8"]
transform = Transform3D(0.999998, -0.00200955, 0.000166563, 0.00201605, 0.994742, -0.102396, 4.00692e-05, 0.102396, 0.994744, -0.0012427, 1.25801, 0.0615089)

[node name="RemoteTransform3D" type="RemoteTransform3D" parent="." index="3"]
transform = Transform3D(-1, 0, -8.74228e-08, 0, 1, 0, 8.74228e-08, 0, -1, 0, 1.80548, 0)
remote_path = NodePath("../PlayerUi/Control/ClippingMask/SubViewportContainer/PlayerPortrait/SpringArm3D")

[node name="AnimationTree" type="AnimationTree" parent="." index="5"]
tree_root = SubResource("AnimationNodeBlendTree_k08pb")
advance_expression_base_node = NodePath("..")
anim_player = NodePath("../AnimationPlayer")
parameters/AnimationNodeStateMachine/conditions/blocking = false
parameters/AnimationNodeStateMachine/conditions/grounded = false
parameters/AnimationNodeStateMachine/IWR/blend_position = Vector2(0, 0)
parameters/TimeScale/scale = 1.0

[node name="Physics" type="CollisionShape3D" parent="." index="6"]
transform = Transform3D(1, 0, 0, 0, 1, 0, 0, 0, 1, 0, 1.2, 0)
shape = SubResource("CapsuleShape3D_p56nj")

[node name="CameraPivot" type="Node3D" parent="." index="7"]
transform = Transform3D(1, 0, 0, 0, 0.939693, -0.34202, 0, 0.34202, 0.939693, 0, 0, 0)

[node name="SpringArm3D" type="SpringArm3D" parent="CameraPivot" index="0"]
spring_length = 4.0

[node name="Camera3D" type="Camera3D" parent="CameraPivot/SpringArm3D" index="0"]
transform = Transform3D(1, 0, 0, 0, -2.98023e-08, 1, 0, -1, -2.98023e-08, 0, 0, 0)
script = ExtResource("3_lgjmf")

[node name="SpotLight3D" type="SpotLight3D" parent="." index="8"]
transform = Transform3D(1, 0, 0, 0, -4.37114e-08, 1, 0, -1, -4.37114e-08, 0, 3, 0)
spot_angle = 60.0

[node name="Hit_Hurt Boxes" type="Node3D" parent="." index="9"]

[node name="HurtBox" type="Area3D" parent="Hit_Hurt Boxes" index="0"]
script = ExtResource("4_0qxlp")

[node name="CollisionShape3D" type="CollisionShape3D" parent="Hit_Hurt Boxes/HurtBox" index="0"]
transform = Transform3D(1, 0, 0, 0, 1, 0, 0, 0, 1, 0, 1.2, 0)
shape = SubResource("CapsuleShape3D_57f32")

[node name="Timer" type="Timer" parent="Hit_Hurt Boxes/HurtBox" index="1"]
wait_time = 0.5

[node name="PlayerUi" parent="." index="10" instance=ExtResource("5_dhop0")]
layer = 0

[node name="Control" type="Control" parent="PlayerUi" index="5"]
layout_mode = 3
anchors_preset = 15
anchor_right = 1.0
anchor_bottom = 1.0
grow_horizontal = 2
grow_vertical = 2
mouse_filter = 2

[node name="ClippingMask" type="Panel" parent="PlayerUi/Control" index="0"]
clip_children = 2
z_index = 2
layout_mode = 0
offset_left = 36.0
offset_top = 34.0
offset_right = 209.0
offset_bottom = 256.0
mouse_filter = 2
theme_override_styles/panel = SubResource("StyleBoxTexture_45j4e")

[node name="SubViewportContainer" type="SubViewportContainer" parent="PlayerUi/Control/ClippingMask" index="0"]
layout_mode = 0
offset_left = -36.0
offset_top = -34.0
offset_right = 476.0
offset_bottom = 478.0
scale = Vector2(0.5, 0.5)

[node name="PlayerPortrait" type="SubViewport" parent="PlayerUi/Control/ClippingMask/SubViewportContainer" index="0"]
handle_input_locally = false
render_target_update_mode = 4

[node name="SpringArm3D" type="SpringArm3D" parent="PlayerUi/Control/ClippingMask/SubViewportContainer/PlayerPortrait" index="0"]
transform = Transform3D(-1, 0, -8.74228e-08, 0, 1, 0, 8.74228e-08, 0, -1, 0, 1.80548, 0)
collision_mask = 3
spring_length = 2.5
margin = 0.1

[node name="Camera3D" type="Camera3D" parent="PlayerUi/Control/ClippingMask/SubViewportContainer/PlayerPortrait/SpringArm3D" index="0"]

[node name="Interact" type="Button" parent="PlayerUi/Control" index="1"]
visible = false
layout_mode = 1
anchors_preset = 8
anchor_left = 0.5
anchor_top = 0.5
anchor_right = 0.5
anchor_bottom = 0.5
offset_left = -111.5
offset_top = -20.0
offset_right = 111.5
offset_bottom = 20.0
grow_horizontal = 2
grow_vertical = 2
focus_mode = 0
theme_override_fonts/font = ExtResource("7_1wf5s")
theme_override_font_sizes/font_size = 35
text = "Interact"
flat = true

[node name="Interact" type="Area3D" parent="." index="11"]
script = ExtResource("8_ro6vs")

[node name="CollisionShape3D" type="CollisionShape3D" parent="Interact" index="0"]
shape = SubResource("SphereShape3D_1pig8")

[connection signal="timeout" from="Hit_Hurt Boxes/HurtBox/Timer" to="Hit_Hurt Boxes/HurtBox" method="_on_timer_timeout"]
[connection signal="body_entered" from="Interact" to="Interact" method="_on_interact_body_entered"]
[connection signal="body_exited" from="Interact" to="Interact" method="_on_interact_body_exited"]
