[gd_scene load_steps=11 format=3 uid="uid://6kakbhuggq26"]

[ext_resource type="PackedScene" uid="uid://b2vlcynywuco8" path="res://Assets/RPG/KayKit_Adventurers_1.0_FREE/KayKit_Adventurers_1.0_FREE/Characters/gltf/Knight.glb" id="1_5nuvq"]
[ext_resource type="AnimationNodeStateMachine" uid="uid://brktypcshptqv" path="res://Resources/knight_state.tres" id="3_px838"]
[ext_resource type="Script" path="res://Scripts/hurtbox.gd" id="4_0qxlp"]
[ext_resource type="PackedScene" uid="uid://ckstcle8h8g1f" path="res://Scenes/Characters/Character_UI/PlayerUI.tscn" id="5_dhop0"]
[ext_resource type="Texture2D" uid="uid://b0pidw1cbkwmk" path="res://Assets/UI_Assets/Barbarian.png" id="6_l5xkd"]

[sub_resource type="AnimationNodeTimeScale" id="AnimationNodeTimeScale_7eciw"]

[sub_resource type="AnimationNodeBlendTree" id="AnimationNodeBlendTree_yfljw"]
nodes/AnimationNodeStateMachine/node = ExtResource("3_px838")
nodes/AnimationNodeStateMachine/position = Vector2(-160, 120)
nodes/TimeScale/node = SubResource("AnimationNodeTimeScale_7eciw")
nodes/TimeScale/position = Vector2(115.451, 129.532)
node_connections = [&"TimeScale", 0, &"AnimationNodeStateMachine", &"output", 0, &"TimeScale"]

[sub_resource type="CapsuleShape3D" id="CapsuleShape3D_p56nj"]
height = 2.4

[sub_resource type="CapsuleShape3D" id="CapsuleShape3D_57f32"]

[sub_resource type="StyleBoxTexture" id="StyleBoxTexture_45j4e"]
texture = ExtResource("6_l5xkd")

[node name="Knight" groups=["Player"] instance=ExtResource("1_5nuvq")]

[node name="Skeleton3D" parent="Rig" index="0"]
transform = Transform3D(-1, 0, -8.74228e-08, 0, 1, 0, 8.74228e-08, 0, -1, 0, 0, 0)
bones/1/position = Vector3(0, 0.501764, 0)
bones/1/rotation = Quaternion(-1.02474e-09, 0.0078254, 7.78372e-09, 0.999969)
bones/2/rotation = Quaternion(0.00344488, -0.00781321, 0.000453526, 0.999963)
bones/3/rotation = Quaternion(-0.00576797, 1.93624e-13, 9.55e-12, 0.999983)
bones/4/rotation = Quaternion(-0.662451, -0.340533, -0.37148, 0.554255)
bones/4/scale = Vector3(0.999999, 0.999999, 1)
bones/5/rotation = Quaternion(1.92351e-08, -5.18632e-08, -0.564922, 0.825144)
bones/6/rotation = Quaternion(-9.73784e-11, -2.98437e-10, 0.0266581, 0.999645)
bones/6/scale = Vector3(1, 1, 1)
bones/7/rotation = Quaternion(-0.0846726, 0.0460643, 0.487934, 0.867542)
bones/8/position = Vector3(8.34843e-10, 0.0961252, -0.0575)
bones/8/rotation = Quaternion(1.60975e-09, 1.60975e-09, -0.707107, 0.707107)
bones/8/scale = Vector3(1, 1, 1)
bones/14/rotation = Quaternion(-0.646603, 0.369165, 0.3953, 0.537922)
bones/14/scale = Vector3(0.999999, 0.999999, 1)
bones/15/rotation = Quaternion(1.71339e-08, 4.94631e-08, 0.50659, 0.862187)
bones/16/rotation = Quaternion(-9.73784e-11, 2.98437e-10, -0.0266581, 0.999645)
bones/16/scale = Vector3(1, 1, 1)
bones/17/rotation = Quaternion(-0.0150765, -0.0905569, -0.456186, 0.885136)
bones/18/position = Vector3(1.40663e-08, 0.0961251, -0.0575)
bones/18/rotation = Quaternion(-2.34153e-09, 7.60989e-09, 0.707107, 0.707107)
bones/18/scale = Vector3(1, 1, 1)
bones/24/position = Vector3(0.170945, 0.113587, 1.78556e-08)
bones/24/rotation = Quaternion(0.950577, 0.0213342, 0.0329816, 0.307994)
bones/24/scale = Vector3(1, 1, 1)
bones/25/rotation = Quaternion(0.598786, 5.47718e-08, -4.14406e-07, 0.800909)
bones/26/rotation = Quaternion(-0.352368, -0.0474143, 0.0168755, 0.934507)
bones/27/rotation = Quaternion(-3.03504e-08, 0.920355, -0.391084, 7.15634e-08)
bones/27/scale = Vector3(1, 1, 1)
bones/28/position = Vector3(-0.170945, 0.113587, 1.78556e-08)
bones/28/rotation = Quaternion(0.90217, -0.0324856, -0.0342793, 0.428788)
bones/28/scale = Vector3(1, 1, 1)
bones/29/rotation = Quaternion(0.819208, -3.75621e-08, 5.66839e-07, 0.573497)
bones/30/rotation = Quaternion(-0.603047, 0.0499678, -0.0450326, 0.794865)
bones/31/rotation = Quaternion(2.88291e-08, 0.920355, -0.391084, -6.9174e-08)
bones/31/scale = Vector3(1, 1, 1)
bones/32/rotation = Quaternion(0.707107, -2.29302e-07, -4.60552e-08, 0.707107)
bones/33/position = Vector3(0.210945, 0.0525973, 0.163613)
bones/33/rotation = Quaternion(-0.420781, 0.0183716, 0.0395617, 0.906113)
bones/34/position = Vector3(3.43593e-08, 0.362833, -2.42861e-15)
bones/34/rotation = Quaternion(7.10544e-15, -1.49012e-08, 1, 1.05879e-22)
bones/35/rotation = Quaternion(-1.026e-07, 0.391084, 0.920355, -2.99279e-08)
bones/36/position = Vector3(-6.31128e-09, 0.16565, 5.63557e-09)
bones/37/rotation = Quaternion(1, -1.69494e-15, 1.94009e-07, 1.86265e-09)
bones/39/rotation = Quaternion(0.707107, -3.82385e-08, 1.45009e-07, 0.707107)
bones/40/position = Vector3(-0.210945, 0.165981, 0.225909)
bones/40/rotation = Quaternion(-0.511457, -0.0223308, -0.0374699, 0.858201)
bones/41/position = Vector3(3.43593e-08, 0.362833, 2.42861e-15)
bones/41/rotation = Quaternion(7.10544e-15, 7.45058e-09, 1, -9.31323e-10)
bones/42/position = Vector3(3.75294e-09, 0.213436, 1.07269e-08)
bones/42/rotation = Quaternion(-1.00542e-07, 0.391084, 0.920355, -2.70299e-08)
bones/43/position = Vector3(-6.31127e-09, 0.16565, -2.00878e-08)
bones/43/rotation = Quaternion(-0.391084, -6.885e-08, -6.56287e-08, 0.920355)
bones/44/rotation = Quaternion(1, -2.45728e-15, 1.95173e-07, 1.49012e-08)
bones/46/rotation = Quaternion(-0.707107, -7.27951e-08, -7.27951e-08, 0.707107)
bones/47/position = Vector3(0.620841, 1.16152, 0.0512295)
bones/47/rotation = Quaternion(0.632594, 0.315986, 0.473645, -0.525013)
bones/48/rotation = Quaternion(-0.707107, -7.27951e-08, -7.27951e-08, 0.707107)
bones/49/position = Vector3(-0.639244, 1.15962, 0.0597369)
bones/49/rotation = Quaternion(0.583874, -0.352257, -0.452948, -0.57432)

[node name="1H_Sword_Offhand" parent="Rig/Skeleton3D" index="0"]
transform = Transform3D(-0.897191, 0.351467, 0.267427, 0.249011, -0.0975218, 0.963578, 0.364746, 0.931106, -2.37372e-05, 0.756974, 1.07877, 0.0759908)
visible = false

[node name="Badge_Shield" parent="Rig/Skeleton3D" index="1"]
transform = Transform3D(-0.89719, 0.351469, 0.267426, 0.249011, -0.0975226, 0.963578, 0.364748, 0.931105, -2.33013e-05, 0.798662, 1.22898, 0.0759871)

[node name="Rectangle_Shield" parent="Rig/Skeleton3D" index="2"]
transform = Transform3D(-0.89719, 0.351469, 0.267426, 0.249011, -0.0975226, 0.963578, 0.364748, 0.931105, -2.33013e-05, 0.798662, 1.22898, 0.0759871)
visible = false

[node name="Round_Shield" parent="Rig/Skeleton3D" index="3"]
transform = Transform3D(-0.89719, 0.351469, 0.267426, 0.249011, -0.0975226, 0.963578, 0.364748, 0.931105, -2.33013e-05, 0.798662, 1.22898, 0.0759871)
visible = false

[node name="Spike_Shield" parent="Rig/Skeleton3D" index="4"]
transform = Transform3D(-0.89719, 0.351469, 0.267426, 0.249011, -0.0975226, 0.963578, 0.364748, 0.931105, -2.33013e-05, 0.798662, 1.22898, 0.0759871)
visible = false

[node name="1H_Sword" parent="Rig/Skeleton3D" index="5"]
transform = Transform3D(0.931619, -0.341509, 0.124317, 0.0921472, -0.108925, -0.98977, 0.351557, 0.933544, -0.0700077, -0.794462, 1.08777, 0.0939132)

[node name="2H_Sword" parent="Rig/Skeleton3D" index="6"]
transform = Transform3D(0.931619, -0.341509, 0.124317, 0.0921473, -0.108925, -0.98977, 0.351557, 0.933544, -0.0700077, -0.794462, 1.08777, 0.0939132)
visible = false

[node name="Knight_Helmet" parent="Rig/Skeleton3D" index="7"]
transform = Transform3D(1, -0.000853295, 1.76262e-05, 0.000853204, 0.999989, 0.00463933, -2.15862e-05, -0.00463931, 0.999989, -0.000526979, 1.31198, 0.00145747)

[node name="Knight_Cape" parent="Rig/Skeleton3D" index="8"]
transform = Transform3D(1, -0.000853295, 1.76262e-05, 0.000853204, 0.999989, 0.00463933, -2.15862e-05, -0.00463931, 0.999989, -0.000527455, 1.31198, 0.00145744)

[node name="RemoteTransform3D" type="RemoteTransform3D" parent="." index="1"]
transform = Transform3D(-1, 0, -8.74228e-08, 0, 1, 0, 8.74228e-08, 0, -1, 0, 1.80548, 0)
remote_path = NodePath("../PlayerUi/Control/ClippingMask/SubViewportContainer/PlayerPortrait/SpringArm3D")

[node name="AnimationTree" type="AnimationTree" parent="." index="3"]
tree_root = SubResource("AnimationNodeBlendTree_yfljw")
advance_expression_base_node = NodePath("..")
anim_player = NodePath("../AnimationPlayer")
parameters/AnimationNodeStateMachine/conditions/blocking = false
parameters/AnimationNodeStateMachine/conditions/grounded = false
parameters/AnimationNodeStateMachine/IWR/blend_position = Vector2(0, 0)
parameters/TimeScale/scale = 1.0

[node name="Physics" type="CollisionShape3D" parent="." index="4"]
transform = Transform3D(1, 0, 0, 0, 1, 0, 0, 0, 1, 0, 1.2, 0)
shape = SubResource("CapsuleShape3D_p56nj")

[node name="CameraPivot" type="Node3D" parent="." index="5"]
transform = Transform3D(1, 0, 0, 0, 0.939693, -0.34202, 0, 0.34202, 0.939693, 0, 0, 0)

[node name="Camera3D" type="Camera3D" parent="CameraPivot" index="0"]
transform = Transform3D(1, 0, 0, 0, -4.37114e-08, 1, 0, -1, -4.37114e-08, 0, 0, 0)

[node name="SpotLight3D" type="SpotLight3D" parent="." index="6"]
transform = Transform3D(1, 0, 0, 0, -4.37114e-08, 1, 0, -1, -4.37114e-08, 0, 3, 0)
spot_angle = 60.0

[node name="Hit_Hurt Boxes" type="Node3D" parent="." index="7"]

[node name="HurtBox" type="Area3D" parent="Hit_Hurt Boxes" index="0"]
script = ExtResource("4_0qxlp")

[node name="CollisionShape3D" type="CollisionShape3D" parent="Hit_Hurt Boxes/HurtBox" index="0"]
transform = Transform3D(1, 0, 0, 0, 1, 0, 0, 0, 1, 0, 1.2, 0)
shape = SubResource("CapsuleShape3D_57f32")

[node name="Timer" type="Timer" parent="Hit_Hurt Boxes/HurtBox" index="1"]
wait_time = 0.5

[node name="PlayerUi" parent="." index="8" instance=ExtResource("5_dhop0")]

[node name="Control" type="Control" parent="PlayerUi" index="5"]
layout_mode = 3
anchors_preset = 15
anchor_right = 1.0
anchor_bottom = 1.0
grow_horizontal = 2
grow_vertical = 2
mouse_filter = 2

[node name="ClippingMask" type="Panel" parent="PlayerUi/Control" index="0"]
clip_children = 2
z_index = 2
layout_mode = 0
offset_left = 36.0
offset_top = 34.0
offset_right = 209.0
offset_bottom = 256.0
mouse_filter = 2
theme_override_styles/panel = SubResource("StyleBoxTexture_45j4e")

[node name="SubViewportContainer" type="SubViewportContainer" parent="PlayerUi/Control/ClippingMask" index="0"]
layout_mode = 0
offset_left = -36.0
offset_top = -34.0
offset_right = 476.0
offset_bottom = 478.0
scale = Vector2(0.5, 0.5)

[node name="PlayerPortrait" type="SubViewport" parent="PlayerUi/Control/ClippingMask/SubViewportContainer" index="0"]
handle_input_locally = false
render_target_update_mode = 4

[node name="SpringArm3D" type="SpringArm3D" parent="PlayerUi/Control/ClippingMask/SubViewportContainer/PlayerPortrait" index="0"]
transform = Transform3D(-1, 0, -8.74228e-08, 0, 1, 0, 8.74228e-08, 0, -1, 0, 1.80548, 0)
collision_mask = 3
spring_length = 2.5
margin = 0.1

[node name="Camera3D" type="Camera3D" parent="PlayerUi/Control/ClippingMask/SubViewportContainer/PlayerPortrait/SpringArm3D" index="0"]

[connection signal="timeout" from="Hit_Hurt Boxes/HurtBox/Timer" to="Hit_Hurt Boxes/HurtBox" method="_on_timer_timeout"]
