[gd_scene load_steps=7 format=3 uid="uid://6kakbhuggq26"]

[ext_resource type="PackedScene" uid="uid://bfy0muija47yp" path="res://Assets/RPG/KayKit_Adventurers_1.0_FREE/KayKit_Adventurers_1.0_FREE/Characters/gltf/Knight.glb" id="1_5nuvq"]
[ext_resource type="Script" path="res://Scripts/basicMovement.gd" id="2_oo3c0"]
[ext_resource type="AnimationNodeStateMachine" uid="uid://brktypcshptqv" path="res://Resources/knight_state.tres" id="3_px838"]

[sub_resource type="AnimationNodeTimeScale" id="AnimationNodeTimeScale_7eciw"]

[sub_resource type="AnimationNodeBlendTree" id="AnimationNodeBlendTree_yfljw"]
nodes/AnimationNodeStateMachine/node = ExtResource("3_px838")
nodes/AnimationNodeStateMachine/position = Vector2(-160, 120)
nodes/TimeScale/node = SubResource("AnimationNodeTimeScale_7eciw")
nodes/TimeScale/position = Vector2(115.451, 129.532)
node_connections = [&"TimeScale", 0, &"AnimationNodeStateMachine", &"output", 0, &"TimeScale"]

[sub_resource type="CapsuleShape3D" id="CapsuleShape3D_p56nj"]
height = 2.4

[node name="Knight" groups=["Player"] instance=ExtResource("1_5nuvq")]
collision_layer = 2
script = ExtResource("2_oo3c0")

[node name="Skeleton3D" parent="Rig" index="0"]
transform = Transform3D(-1, 0, -8.74228e-08, 0, 1, 0, 8.74228e-08, 0, -1, 0, 0, 0)
bones/1/position = Vector3(0, 0.468925, 0)
bones/1/rotation = Quaternion(-1.02641e-09, 0.0738364, 7.79638e-09, 0.99727)
bones/2/rotation = Quaternion(0.0325135, -0.0737427, 0.00428048, 0.996738)
bones/3/rotation = Quaternion(-0.0383924, 2.87526e-12, -4.02841e-11, 0.999263)
bones/4/rotation = Quaternion(-0.651551, -0.324879, -0.35561, 0.586069)
bones/5/rotation = Quaternion(1.32178e-08, -4.94688e-08, -0.569124, 0.822252)
bones/7/rotation = Quaternion(-0.0380661, 0.0316164, 0.46634, 0.883221)
bones/8/position = Vector3(8.34843e-10, 0.0961252, -0.0575)
bones/8/rotation = Quaternion(1.60975e-09, 1.60975e-09, -0.707107, 0.707107)
bones/14/rotation = Quaternion(-0.63674, 0.351752, 0.375719, 0.574168)
bones/15/rotation = Quaternion(1.4873e-08, 5.27269e-08, 0.52248, 0.852651)
bones/17/rotation = Quaternion(0.0191361, -0.0720406, -0.442963, 0.893436)
bones/18/position = Vector3(1.40663e-08, 0.0961251, -0.0575)
bones/18/rotation = Quaternion(-2.34153e-09, 7.60989e-09, 0.707107, 0.707107)
bones/24/position = Vector3(0.170945, 0.113587, 1.78556e-08)
bones/24/rotation = Quaternion(0.950331, 0.00455863, 0.0931757, 0.296931)
bones/25/rotation = Quaternion(0.498883, 5.71378e-08, -3.47285e-07, 0.866669)
bones/26/rotation = Quaternion(-0.250865, -0.0456238, 0.0127084, 0.966863)
bones/27/rotation = Quaternion(-3.03504e-08, 0.920355, -0.391084, 7.15634e-08)
bones/28/position = Vector3(-0.170945, 0.113587, 1.78556e-08)
bones/28/rotation = Quaternion(0.91595, -0.0647666, 0.0258368, 0.395187)
bones/29/rotation = Quaternion(0.855853, -2.88885e-08, 6.0736e-07, 0.517218)
bones/30/rotation = Quaternion(-0.679191, 0.0422937, -0.0541069, 0.730742)
bones/31/rotation = Quaternion(2.88291e-08, 0.920355, -0.391084, -6.9174e-08)
bones/32/rotation = Quaternion(0.707107, -2.29302e-07, -4.60552e-08, 0.707107)
bones/33/position = Vector3(0.210945, -0.000144711, 0.163613)
bones/33/rotation = Quaternion(-0.420781, 0.0183716, 0.0395617, 0.906113)
bones/34/position = Vector3(3.43593e-08, 0.362833, -2.42861e-15)
bones/34/rotation = Quaternion(7.10544e-15, -1.49012e-08, 1, 1.05879e-22)
bones/35/rotation = Quaternion(-1.026e-07, 0.391084, 0.920355, -2.99279e-08)
bones/36/position = Vector3(-6.31128e-09, 0.16565, 5.63557e-09)
bones/37/rotation = Quaternion(1, -1.69494e-15, 1.94009e-07, 1.86265e-09)
bones/39/rotation = Quaternion(0.707107, -3.82385e-08, 1.45009e-07, 0.707107)
bones/40/position = Vector3(-0.210945, 0.149064, 0.225909)
bones/40/rotation = Quaternion(-0.511457, -0.0223308, -0.0374699, 0.858201)
bones/41/position = Vector3(3.43593e-08, 0.362833, 2.42861e-15)
bones/41/rotation = Quaternion(7.10544e-15, 7.45058e-09, 1, -9.31323e-10)
bones/42/position = Vector3(3.75294e-09, 0.213436, 1.07269e-08)
bones/42/rotation = Quaternion(-1.00542e-07, 0.391084, 0.920355, -2.70299e-08)
bones/43/position = Vector3(-6.31127e-09, 0.16565, -2.00878e-08)
bones/44/rotation = Quaternion(1, -2.45728e-15, 1.95173e-07, 1.49012e-08)
bones/46/rotation = Quaternion(-0.707107, -7.27951e-08, -7.27951e-08, 0.707107)
bones/47/position = Vector3(0.620841, 1.13942, 0.0512295)
bones/47/rotation = Quaternion(0.612, 0.35423, 0.440516, -0.553103)
bones/48/rotation = Quaternion(-0.707107, -7.27951e-08, -7.27951e-08, 0.707107)
bones/49/position = Vector3(-0.639244, 1.13753, 0.0597369)
bones/49/rotation = Quaternion(0.565742, -0.380696, -0.423996, -0.596015)

[node name="1H_Sword_Offhand" parent="Rig/Skeleton3D" index="0"]
transform = Transform3D(-0.920893, 0.360896, 0.147336, 0.137214, -0.0536678, 0.989086, 0.364865, 0.93106, -9.75799e-05, 0.7682, 1.06658, 0.0733171)
visible = false

[node name="Badge_Shield" parent="Rig/Skeleton3D" index="1"]
transform = Transform3D(-0.920892, 0.360899, 0.147335, 0.137213, -0.0536684, 0.989086, 0.364868, 0.931059, -9.7144e-05, 0.791167, 1.22076, 0.0733019)

[node name="Rectangle_Shield" parent="Rig/Skeleton3D" index="2"]
transform = Transform3D(-0.920892, 0.360899, 0.147335, 0.137213, -0.0536684, 0.989086, 0.364868, 0.931059, -9.7144e-05, 0.791167, 1.22076, 0.0733019)
visible = false

[node name="Round_Shield" parent="Rig/Skeleton3D" index="3"]
transform = Transform3D(-0.920892, 0.360899, 0.147335, 0.137213, -0.0536684, 0.989086, 0.364868, 0.931059, -9.7144e-05, 0.791167, 1.22076, 0.0733019)
visible = false

[node name="Spike_Shield" parent="Rig/Skeleton3D" index="4"]
transform = Transform3D(-0.920892, 0.360899, 0.147335, 0.137213, -0.0536684, 0.989086, 0.364868, 0.931059, -9.7144e-05, 0.791167, 1.22076, 0.0733019)
visible = false

[node name="1H_Sword" parent="Rig/Skeleton3D" index="5"]
transform = Transform3D(0.93616, -0.350611, 0.0259765, -0.000290259, -0.0746576, -0.997209, 0.351573, 0.93354, -0.0699933, -0.802022, 1.07553, 0.0921605)

[node name="2H_Sword" parent="Rig/Skeleton3D" index="6"]
transform = Transform3D(0.93616, -0.350611, 0.0259766, -0.000290247, -0.0746576, -0.997209, 0.351573, 0.93354, -0.0699933, -0.802022, 1.07553, 0.0921605)
visible = false

[node name="Knight_Helmet" parent="Rig/Skeleton3D" index="7"]
transform = Transform3D(0.999993, -0.00373738, -5.62284e-05, 0.00373778, 0.999929, 0.0113097, 1.39624e-05, -0.0113098, 0.999936, -0.00230765, 1.27833, 0.0217903)

[node name="Knight_Cape" parent="Rig/Skeleton3D" index="8"]
transform = Transform3D(0.999993, -0.00373738, -5.62284e-05, 0.00373778, 0.999929, 0.0113097, 1.39624e-05, -0.0113098, 0.999936, -0.00230813, 1.27833, 0.0217903)

[node name="AnimationTree" type="AnimationTree" parent="." index="2"]
tree_root = SubResource("AnimationNodeBlendTree_yfljw")
advance_expression_base_node = NodePath("..")
anim_player = NodePath("../AnimationPlayer")
parameters/AnimationNodeStateMachine/conditions/blocking = false
parameters/AnimationNodeStateMachine/conditions/grounded = false
parameters/AnimationNodeStateMachine/IWR/blend_position = Vector2(0, 0)
parameters/TimeScale/scale = 1.0

[node name="CollisionShape3D" type="CollisionShape3D" parent="." index="3"]
transform = Transform3D(1, 0, 0, 0, 1, 0, 0, 0, 1, 0, 1.2, 0)
shape = SubResource("CapsuleShape3D_p56nj")

[node name="CameraPivot" type="Node3D" parent="." index="4"]
transform = Transform3D(1, 0, 0, 0, 0.939693, -0.34202, 0, 0.34202, 0.939693, 0, 0, 0)

[node name="Camera3D" type="Camera3D" parent="CameraPivot" index="0"]
transform = Transform3D(1, 0, 0, 0, -4.37114e-08, 1, 0, -1, -4.37114e-08, 0, 0, 0)

[node name="SpotLight3D" type="SpotLight3D" parent="." index="6"]
transform = Transform3D(1, 0, 0, 0, -4.37114e-08, 1, 0, -1, -4.37114e-08, 0, 3, 0)
spot_angle = 60.0
