[gd_scene load_steps=21 format=3 uid="uid://6kakbhuggq26"]

[ext_resource type="PackedScene" uid="uid://b2vlcynywuco8" path="res://Assets/RPG/KayKit_Adventurers_1.0_FREE/KayKit_Adventurers_1.0_FREE/Characters/gltf/Knight.glb" id="1_5nuvq"]
[ext_resource type="Script" path="res://Scenes/Characters/Control/player_inv_controller.gd" id="2_jykij"]
[ext_resource type="Script" path="res://Scenes/Characters/Control/effects_manager.gd" id="3_bflbf"]
[ext_resource type="Script" path="res://Scenes/Characters/Control/player_camera.gd" id="3_lgjmf"]
[ext_resource type="AnimationNodeStateMachine" uid="uid://brktypcshptqv" path="res://Resources/knight_state.tres" id="3_px838"]
[ext_resource type="Script" path="res://Scripts/hurtbox.gd" id="4_0qxlp"]
[ext_resource type="PackedScene" uid="uid://ckstcle8h8g1f" path="res://Scenes/Characters/Character_UI/PlayerUI.tscn" id="5_dhop0"]
[ext_resource type="Script" path="res://Scripts/hitbox.gd" id="6_d8fvy"]
[ext_resource type="Texture2D" uid="uid://b0pidw1cbkwmk" path="res://Assets/UI_Assets/Barbarian.png" id="6_l5xkd"]
[ext_resource type="FontFile" uid="uid://csf05u5hrgcdp" path="res://Resources/SuperComic-qZg62.ttf" id="7_1wf5s"]
[ext_resource type="Script" path="res://Scenes/Characters/Control/player_interact.gd" id="8_ro6vs"]
[ext_resource type="Script" path="res://Scenes/Characters/Control/player_input_synchronizer.gd" id="12_g73qm"]

[sub_resource type="AnimationNodeTimeScale" id="AnimationNodeTimeScale_7eciw"]

[sub_resource type="AnimationNodeBlendTree" id="AnimationNodeBlendTree_keuag"]
graph_offset = Vector2(-509.559, 101.702)
nodes/AnimationNodeStateMachine/node = ExtResource("3_px838")
nodes/AnimationNodeStateMachine/position = Vector2(-160, 120)
nodes/TimeScale/node = SubResource("AnimationNodeTimeScale_7eciw")
nodes/TimeScale/position = Vector2(115.451, 129.532)
node_connections = [&"TimeScale", 0, &"AnimationNodeStateMachine", &"output", 0, &"TimeScale"]

[sub_resource type="CapsuleShape3D" id="CapsuleShape3D_p56nj"]
height = 2.4

[sub_resource type="CapsuleShape3D" id="CapsuleShape3D_gpiy6"]
radius = 1.03152
height = 2.06303

[sub_resource type="CapsuleShape3D" id="CapsuleShape3D_57f32"]
radius = 0.6

[sub_resource type="StyleBoxTexture" id="StyleBoxTexture_45j4e"]
texture = ExtResource("6_l5xkd")

[sub_resource type="SphereShape3D" id="SphereShape3D_1pig8"]
radius = 2.0

[sub_resource type="SceneReplicationConfig" id="SceneReplicationConfig_ihyqi"]

[node name="Knight" groups=["Player"] instance=ExtResource("1_5nuvq")]
collision_layer = 9

[node name="InventoryController" type="Node3D" parent="." index="0"]
script = ExtResource("2_jykij")

[node name="EffectsManager" type="Node3D" parent="." index="1"]
script = ExtResource("3_bflbf")

[node name="Skeleton3D" parent="Rig" index="0"]
transform = Transform3D(-1, 0, -8.74228e-08, 0, 1, 0, 8.74228e-08, 0, -1, 0, 0, 0)
bones/1/position = Vector3(0, 0.489228, 0)
bones/1/rotation = Quaternion(-1.02591e-09, 0.0330157, 7.79256e-09, 0.999455)
bones/2/rotation = Quaternion(0.014537, -0.0329709, 0.00191384, 0.999349)
bones/3/rotation = Quaternion(-0.0217014, -9.59704e-13, -5.82233e-11, 0.999765)
bones/4/rotation = Quaternion(-0.656023, -0.334089, -0.368276, 0.567795)
bones/4/scale = Vector3(0.999999, 0.999999, 1)
bones/5/rotation = Quaternion(1.70877e-08, -5.01398e-08, -0.565368, 0.824839)
bones/6/rotation = Quaternion(-9.73784e-11, -2.98437e-10, 0.0266581, 0.999645)
bones/6/scale = Vector3(1, 1, 1)
bones/7/rotation = Quaternion(-0.0666709, 0.0409189, 0.480048, 0.873747)
bones/8/position = Vector3(8.34843e-10, 0.0961252, -0.0575)
bones/8/rotation = Quaternion(1.60975e-09, 1.60975e-09, -0.707107, 0.707107)
bones/8/scale = Vector3(1, 1, 1)
bones/14/rotation = Quaternion(-0.640798, 0.361588, 0.389116, 0.554275)
bones/14/scale = Vector3(0.999999, 0.999999, 1)
bones/15/rotation = Quaternion(1.56381e-08, 5.15868e-08, 0.514428, 0.857534)
bones/16/rotation = Quaternion(-9.73784e-11, 2.98437e-10, -0.0266581, 0.999645)
bones/16/scale = Vector3(1, 1, 1)
bones/17/rotation = Quaternion(-0.00227125, -0.0836126, -0.453028, 0.887564)
bones/18/position = Vector3(1.40663e-08, 0.0961251, -0.0575)
bones/18/rotation = Quaternion(-2.34153e-09, 7.60989e-09, 0.707107, 0.707107)
bones/18/scale = Vector3(1, 1, 1)
bones/24/position = Vector3(0.170945, 0.113587, 1.78556e-08)
bones/24/rotation = Quaternion(0.950369, 0.0141886, 0.0558287, 0.305746)
bones/24/scale = Vector3(1, 1, 1)
bones/25/rotation = Quaternion(0.564173, 5.43179e-08, -3.88949e-07, 0.825657)
bones/26/rotation = Quaternion(-0.315126, -0.0469142, 0.014803, 0.947774)
bones/27/rotation = Quaternion(-3.03504e-08, 0.920355, -0.391084, 7.15634e-08)
bones/27/scale = Vector3(1, 1, 1)
bones/28/position = Vector3(-0.170945, 0.113587, 1.78556e-08)
bones/28/rotation = Quaternion(0.907381, -0.0444686, -0.0111635, 0.417802)
bones/28/scale = Vector3(1, 1, 1)
bones/29/rotation = Quaternion(0.834212, -3.2971e-08, 5.8284e-07, 0.551444)
bones/30/rotation = Quaternion(-0.632485, 0.0474971, -0.0476629, 0.771644)
bones/31/rotation = Quaternion(2.88291e-08, 0.920355, -0.391084, -6.9174e-08)
bones/31/scale = Vector3(1, 1, 1)
bones/32/rotation = Quaternion(0.707107, -2.29302e-07, -4.60552e-08, 0.707107)
bones/33/position = Vector3(0.210945, 0.0324642, 0.163613)
bones/33/rotation = Quaternion(-0.420781, 0.0183716, 0.0395617, 0.906113)
bones/34/position = Vector3(3.43593e-08, 0.362833, -2.42861e-15)
bones/34/rotation = Quaternion(7.10544e-15, -1.49012e-08, 1, 1.05879e-22)
bones/35/rotation = Quaternion(-1.026e-07, 0.391084, 0.920355, -2.99279e-08)
bones/36/position = Vector3(-6.31128e-09, 0.16565, 5.63557e-09)
bones/37/rotation = Quaternion(1, -1.69494e-15, 1.94009e-07, 1.86265e-09)
bones/39/rotation = Quaternion(0.707107, -3.82385e-08, 1.45009e-07, 0.707107)
bones/40/position = Vector3(-0.210945, 0.159524, 0.225909)
bones/40/rotation = Quaternion(-0.511457, -0.0223308, -0.0374699, 0.858201)
bones/41/position = Vector3(3.43593e-08, 0.362833, 2.42861e-15)
bones/41/rotation = Quaternion(7.10544e-15, 7.45058e-09, 1, -9.31323e-10)
bones/42/position = Vector3(3.75294e-09, 0.213436, 1.07269e-08)
bones/42/rotation = Quaternion(-1.00542e-07, 0.391084, 0.920355, -2.70299e-08)
bones/43/position = Vector3(-6.31127e-09, 0.16565, -2.00878e-08)
bones/43/rotation = Quaternion(-0.391084, -6.885e-08, -6.56287e-08, 0.920355)
bones/44/rotation = Quaternion(1, -2.45728e-15, 1.95173e-07, 1.49012e-08)
bones/46/rotation = Quaternion(-0.707107, -7.27951e-08, -7.27951e-08, 0.707107)
bones/47/position = Vector3(0.620841, 1.15308, 0.0512295)
bones/47/rotation = Quaternion(0.625018, 0.33072, 0.461215, -0.535965)
bones/48/rotation = Quaternion(-0.707107, -7.27951e-08, -7.27951e-08, 0.707107)
bones/49/position = Vector3(-0.639244, 1.15119, 0.0597369)
bones/49/rotation = Quaternion(0.577123, -0.363212, -0.44203, -0.582765)

[node name="1H_Sword_Offhand" parent="Rig/Skeleton3D" index="0"]
transform = Transform3D(-0.907911, 0.355558, 0.221976, 0.206701, -0.0809196, 0.975052, 0.36465, 0.931144, -2.67621e-05, 0.761336, 1.07394, 0.0751007)
visible = false

[node name="Badge_Shield" parent="Rig/Skeleton3D" index="1"]
transform = Transform3D(-0.90791, 0.35556, 0.221976, 0.2067, -0.0809203, 0.975052, 0.364652, 0.931143, -2.63263e-05, 0.795938, 1.22594, 0.0750966)

[node name="Rectangle_Shield" parent="Rig/Skeleton3D" index="2"]
transform = Transform3D(-0.90791, 0.35556, 0.221976, 0.2067, -0.0809203, 0.975052, 0.364652, 0.931143, -2.63263e-05, 0.795938, 1.22594, 0.0750966)
visible = false

[node name="Round_Shield" parent="Rig/Skeleton3D" index="3"]
transform = Transform3D(-0.90791, 0.35556, 0.221976, 0.2067, -0.0809203, 0.975052, 0.364652, 0.931143, -2.63263e-05, 0.795938, 1.22594, 0.0750966)
visible = false

[node name="Spike_Shield" parent="Rig/Skeleton3D" index="4"]
transform = Transform3D(-0.90791, 0.35556, 0.221976, 0.2067, -0.0809203, 0.975052, 0.364652, 0.931143, -2.63263e-05, 0.795938, 1.22594, 0.0750966)
visible = false

[node name="1H_Sword" parent="Rig/Skeleton3D" index="5"]
transform = Transform3D(0.934395, -0.345481, 0.0868768, 0.056969, -0.0958193, -0.993767, 0.351652, 0.93352, -0.0698512, -0.797294, 1.08307, 0.0934813)

[node name="2H_Sword" parent="Rig/Skeleton3D" index="6"]
transform = Transform3D(0.934395, -0.345481, 0.0868768, 0.056969, -0.0958193, -0.993767, 0.351652, 0.93352, -0.0698512, -0.797294, 1.08307, 0.0934813)
visible = false

[node name="Knight_Helmet" parent="Rig/Skeleton3D" index="7"]
transform = Transform3D(0.999996, -0.00286689, 2.32016e-07, 0.0028666, 0.999895, 0.01422, -4.1008e-05, -0.0142199, 0.999899, -0.00177096, 1.29927, 0.00748347)

[node name="Knight_Cape" parent="Rig/Skeleton3D" index="8"]
transform = Transform3D(0.999996, -0.00286689, 2.32016e-07, 0.0028666, 0.999895, 0.01422, -4.1008e-05, -0.0142199, 0.999899, -0.00177144, 1.29927, 0.00748343)

[node name="RemoteTransform3D" type="RemoteTransform3D" parent="." index="3"]
transform = Transform3D(-1, 0, -8.74228e-08, 0, 1, 0, 8.74228e-08, 0, -1, 0, 1.80548, 0)
remote_path = NodePath("../PlayerUi/Control/ClippingMask/SubViewportContainer/PlayerPortrait/SpringArm3D")

[node name="AnimationTree" type="AnimationTree" parent="." index="5"]
tree_root = SubResource("AnimationNodeBlendTree_keuag")
advance_expression_base_node = NodePath("..")
anim_player = NodePath("../AnimationPlayer")
parameters/AnimationNodeStateMachine/conditions/blocking = false
parameters/AnimationNodeStateMachine/conditions/grounded = false
parameters/AnimationNodeStateMachine/IWR/blend_position = Vector2(0, 0)
parameters/TimeScale/scale = 1.0

[node name="Physics" type="CollisionShape3D" parent="." index="6"]
transform = Transform3D(1, 0, 0, 0, 1, 0, 0, 0, 1, 0, 1.2, 0)
shape = SubResource("CapsuleShape3D_p56nj")

[node name="Hit_Hurt Boxes" type="Node3D" parent="." index="7"]

[node name="HitBox1" type="Area3D" parent="Hit_Hurt Boxes" index="0"]
transform = Transform3D(1, 0, 0, 0, 1, 0, 0, 0, 1, 0, 0, -1)
collision_layer = 4
collision_mask = 0
script = ExtResource("6_d8fvy")

[node name="CollisionShape3D" type="CollisionShape3D" parent="Hit_Hurt Boxes/HitBox1" index="0"]
transform = Transform3D(1, 0, 0, 0, 1, 0, 0, 0, 1, 0, 0.90316, -0.182694)
shape = SubResource("CapsuleShape3D_gpiy6")
disabled = true

[node name="HurtBox" type="Area3D" parent="Hit_Hurt Boxes" index="1"]
collision_layer = 0
collision_mask = 2
script = ExtResource("4_0qxlp")

[node name="CollisionShape3D" type="CollisionShape3D" parent="Hit_Hurt Boxes/HurtBox" index="0"]
transform = Transform3D(1, 0, 0, 0, 1, 0, 0, 0, 1, 0, 1.2, 0)
shape = SubResource("CapsuleShape3D_57f32")

[node name="Timer" type="Timer" parent="Hit_Hurt Boxes/HurtBox" index="1"]
wait_time = 0.5
one_shot = true

[node name="CameraPivot" type="Node3D" parent="." index="8"]
transform = Transform3D(1, 0, 0, 0, 0.939693, -0.34202, 0, 0.34202, 0.939693, 0, 0, 0)

[node name="SpringArm3D" type="SpringArm3D" parent="CameraPivot" index="0"]
spring_length = 4.0

[node name="Camera3D" type="Camera3D" parent="CameraPivot/SpringArm3D" index="0"]
transform = Transform3D(1, 0, 0, 0, -2.98023e-08, 1, 0, -1, -2.98023e-08, 0, 0, 0)
script = ExtResource("3_lgjmf")

[node name="SpotLight3D" type="SpotLight3D" parent="." index="9"]
transform = Transform3D(1, 0, 0, 0, -4.37114e-08, 1, 0, -1, -4.37114e-08, 0, 3, 0)
spot_angle = 60.0

[node name="PlayerUi" parent="." index="10" instance=ExtResource("5_dhop0")]
layer = 0

[node name="Control" type="Control" parent="PlayerUi" index="5"]
layout_mode = 3
anchors_preset = 15
anchor_right = 1.0
anchor_bottom = 1.0
grow_horizontal = 2
grow_vertical = 2
mouse_filter = 2

[node name="ClippingMask" type="Panel" parent="PlayerUi/Control" index="0"]
clip_children = 2
z_index = 2
layout_mode = 0
offset_left = 36.0
offset_top = 34.0
offset_right = 209.0
offset_bottom = 256.0
mouse_filter = 2
theme_override_styles/panel = SubResource("StyleBoxTexture_45j4e")

[node name="SubViewportContainer" type="SubViewportContainer" parent="PlayerUi/Control/ClippingMask" index="0"]
layout_mode = 0
offset_left = -36.0
offset_top = -34.0
offset_right = 476.0
offset_bottom = 478.0
scale = Vector2(0.5, 0.5)

[node name="PlayerPortrait" type="SubViewport" parent="PlayerUi/Control/ClippingMask/SubViewportContainer" index="0"]
handle_input_locally = false
render_target_update_mode = 4

[node name="SpringArm3D" type="SpringArm3D" parent="PlayerUi/Control/ClippingMask/SubViewportContainer/PlayerPortrait" index="0"]
transform = Transform3D(-1, 0, -8.74228e-08, 0, 1, 0, 8.74228e-08, 0, -1, 0, 1.80548, 0)
collision_mask = 3
spring_length = 2.5
margin = 0.1

[node name="Camera3D" type="Camera3D" parent="PlayerUi/Control/ClippingMask/SubViewportContainer/PlayerPortrait/SpringArm3D" index="0"]

[node name="Interact" type="Button" parent="PlayerUi/Control" index="1"]
visible = false
layout_mode = 1
anchors_preset = 8
anchor_left = 0.5
anchor_top = 0.5
anchor_right = 0.5
anchor_bottom = 0.5
offset_left = -111.5
offset_top = -20.0
offset_right = 111.5
offset_bottom = 20.0
grow_horizontal = 2
grow_vertical = 2
focus_mode = 0
theme_override_fonts/font = ExtResource("7_1wf5s")
theme_override_font_sizes/font_size = 35
text = "Interact"
flat = true

[node name="Interact" type="Area3D" parent="." index="11"]
script = ExtResource("8_ro6vs")

[node name="CollisionShape3D" type="CollisionShape3D" parent="Interact" index="0"]
shape = SubResource("SphereShape3D_1pig8")

[node name="PlayerInputSynchronizer" type="MultiplayerSynchronizer" parent="." index="12"]
root_path = NodePath(".")
replication_config = SubResource("SceneReplicationConfig_ihyqi")
script = ExtResource("12_g73qm")

[connection signal="timeout" from="Hit_Hurt Boxes/HurtBox/Timer" to="Hit_Hurt Boxes/HurtBox" method="_on_timer_timeout"]
[connection signal="area_entered" from="Interact" to="Interact" method="_on_area_entered"]
[connection signal="area_exited" from="Interact" to="Interact" method="_on_area_exited"]
[connection signal="body_entered" from="Interact" to="Interact" method="_on_interact_body_entered"]
[connection signal="body_exited" from="Interact" to="Interact" method="_on_interact_body_exited"]
