[gd_scene load_steps=11 format=3 uid="uid://b2ccasjd3n64r"]

[ext_resource type="PackedScene" uid="uid://bdsa1rmldeit4" path="res://Assets/RPG/KayKit_Adventurers_1.0_FREE/KayKit_Adventurers_1.0_FREE/Characters/gltf/Mage.glb" id="1_5rpba"]
[ext_resource type="AnimationNodeStateMachine" uid="uid://brktypcshptqv" path="res://Resources/knight_state.tres" id="2_n5eae"]
[ext_resource type="Script" path="res://Scripts/hurtbox.gd" id="3_qogei"]
[ext_resource type="PackedScene" uid="uid://ckstcle8h8g1f" path="res://Scenes/Characters/Character_UI/PlayerUI.tscn" id="4_o77ci"]
[ext_resource type="Texture2D" uid="uid://b0pidw1cbkwmk" path="res://Assets/UI_Assets/Barbarian.png" id="5_qfgjv"]

[sub_resource type="AnimationNodeTimeScale" id="AnimationNodeTimeScale_7eciw"]

[sub_resource type="AnimationNodeBlendTree" id="AnimationNodeBlendTree_r1eqh"]
graph_offset = Vector2(-596.465, 0)
nodes/AnimationNodeStateMachine/node = ExtResource("2_n5eae")
nodes/AnimationNodeStateMachine/position = Vector2(-160, 120)
nodes/TimeScale/node = SubResource("AnimationNodeTimeScale_7eciw")
nodes/TimeScale/position = Vector2(115.451, 129.532)
node_connections = [&"TimeScale", 0, &"AnimationNodeStateMachine", &"output", 0, &"TimeScale"]

[sub_resource type="CapsuleShape3D" id="CapsuleShape3D_ip5od"]
height = 2.4

[sub_resource type="CapsuleShape3D" id="CapsuleShape3D_e6h0v"]

[sub_resource type="StyleBoxTexture" id="StyleBoxTexture_o1ne5"]
texture = ExtResource("5_qfgjv")

[node name="Mage" instance=ExtResource("1_5rpba")]

[node name="Skeleton3D" parent="Rig" index="0"]
transform = Transform3D(-1, 0, 8.74228e-08, 0, 1, 0, -8.74228e-08, 0, -1, 0, 0, 0)
bones/1/position = Vector3(0, 0.445884, 0)
bones/1/rotation = Quaternion(-1.02491e-09, 0.119966, 7.78495e-09, 0.992778)
bones/2/rotation = Quaternion(0.0528114, -0.119779, 0.00695274, 0.991371)
bones/3/rotation = Quaternion(-0.0322074, 2.84314e-12, -2.27451e-11, 0.999481)
bones/4/rotation = Quaternion(-0.663548, -0.317599, -0.324521, 0.594577)
bones/5/rotation = Quaternion(1.64235e-08, -4.85611e-08, -0.577211, 0.816595)
bones/7/rotation = Quaternion(-0.00663607, 0.0196258, 0.445668, 0.894958)
bones/8/position = Vector3(8.34843e-10, 0.0961252, -0.0575)
bones/8/rotation = Quaternion(1.60975e-09, 1.60975e-09, -0.707107, 0.707107)
bones/11/rotation = Quaternion(-0.6488, 0.345716, 0.34998, 0.580563)
bones/12/rotation = Quaternion(1.26749e-08, 5.1009e-08, 0.524403, 0.85147)
bones/14/rotation = Quaternion(0.0444214, -0.057877, -0.420881, 0.904177)
bones/15/position = Vector3(1.40663e-08, 0.0961251, -0.0575)
bones/15/rotation = Quaternion(-2.34153e-09, 7.60989e-09, 0.707107, 0.707107)
bones/21/position = Vector3(0.170945, 0.113587, 1.78556e-08)
bones/21/rotation = Quaternion(0.951168, -0.0025285, 0.135643, 0.277262)
bones/22/rotation = Quaternion(0.404872, 6.13669e-08, -2.75278e-07, 0.914374)
bones/23/rotation = Quaternion(-0.168634, -0.0435917, 0.0116953, 0.984645)
bones/24/rotation = Quaternion(-3.03504e-08, 0.920355, -0.391084, 7.15634e-08)
bones/25/position = Vector3(-0.170945, 0.113587, 1.78556e-08)
bones/25/rotation = Quaternion(0.925467, -0.0888383, 0.0674224, 0.362041)
bones/26/rotation = Quaternion(0.876504, -3.27941e-08, 6.02999e-07, 0.481395)
bones/27/rotation = Quaternion(-0.72993, 0.0337908, -0.0644659, 0.679636)
bones/28/rotation = Quaternion(2.88291e-08, 0.920355, -0.391084, -6.9174e-08)
bones/29/rotation = Quaternion(0.707107, -2.29302e-07, -4.60552e-08, 0.707107)
bones/30/position = Vector3(0.210945, -0.0371494, 0.163613)
bones/30/rotation = Quaternion(-0.420781, 0.0183716, 0.0395617, 0.906113)
bones/31/position = Vector3(3.43593e-08, 0.362833, -2.42861e-15)
bones/31/rotation = Quaternion(7.10544e-15, -1.49012e-08, 1, 1.05879e-22)
bones/32/rotation = Quaternion(-1.026e-07, 0.391084, 0.920355, -2.99279e-08)
bones/33/position = Vector3(-6.31128e-09, 0.16565, 5.63557e-09)
bones/34/rotation = Quaternion(1, -1.69494e-15, 1.94009e-07, 1.86265e-09)
bones/36/rotation = Quaternion(0.707107, -3.82385e-08, 1.45009e-07, 0.707107)
bones/37/position = Vector3(-0.210945, 0.137195, 0.225909)
bones/37/rotation = Quaternion(-0.511457, -0.0223308, -0.0374699, 0.858201)
bones/38/position = Vector3(3.43593e-08, 0.362833, 2.42861e-15)
bones/38/rotation = Quaternion(7.10544e-15, 7.45058e-09, 1, -9.31323e-10)
bones/39/position = Vector3(3.75294e-09, 0.213436, 1.07269e-08)
bones/39/rotation = Quaternion(-1.00542e-07, 0.391084, 0.920355, -2.70299e-08)
bones/40/position = Vector3(-6.31127e-09, 0.16565, -2.00878e-08)
bones/41/rotation = Quaternion(1, -2.45728e-15, 1.95173e-07, 1.49012e-08)
bones/43/rotation = Quaternion(-0.707107, -7.27951e-08, -7.27951e-08, 0.707107)
bones/44/position = Vector3(0.620841, 1.12392, 0.0512295)
bones/44/rotation = Quaternion(0.59617, 0.380269, 0.416277, -0.571569)
bones/45/rotation = Quaternion(-0.707107, -7.27951e-08, -7.27951e-08, 0.707107)
bones/46/position = Vector3(-0.639244, 1.12203, 0.0597369)
bones/46/rotation = Quaternion(0.552193, -0.400096, -0.403062, -0.610367)

[node name="Spellbook" parent="Rig/Skeleton3D" index="0"]
transform = Transform3D(0.929266, 0.0616504, 0.364228, -0.0574191, 0.998097, -0.0224461, -0.364919, -5.52549e-05, 0.931038, 0.86636, 1.05334, 0.302147)
visible = false

[node name="Spellbook_open" parent="Rig/Skeleton3D" index="1"]
transform = Transform3D(0.929266, 0.0616504, 0.364228, -0.0574191, 0.998097, -0.0224461, -0.364919, -5.52549e-05, 0.931038, 0.822524, 1.05604, 0.190095)
visible = false

[node name="1H_Wand" parent="Rig/Skeleton3D" index="2"]
transform = Transform3D(0.933923, -0.354843, -0.0432664, -0.0652305, -0.0501645, -0.996608, 0.35147, 0.933578, -0.0699964, -0.795933, 1.06892, 0.0579458)

[node name="2H_Staff" parent="Rig/Skeleton3D" index="3"]
transform = Transform3D(0.933923, -0.354843, -0.0432664, -0.0652305, -0.0501645, -0.996608, 0.35147, 0.933578, -0.0699964, -0.795933, 1.06892, 0.0579458)
visible = false

[node name="Mage_Hat" parent="Rig/Skeleton3D" index="4"]
transform = Transform3D(0.999999, -0.00110084, -0.00027386, 0.00113406, 0.975974, 0.217885, 2.74479e-05, -0.217885, 0.975974, -0.00134433, 1.82147, 0.0740855)

[node name="Mage_Cape" parent="Rig/Skeleton3D" index="5"]
transform = Transform3D(0.999999, -0.00113421, 2.03908e-05, 0.00113406, 0.999111, -0.0421402, 2.74479e-05, 0.0421402, 0.999112, -0.000699836, 1.25375, 0.0501403)

[node name="RemoteTransform3D" type="RemoteTransform3D" parent="." index="2"]
transform = Transform3D(-1, 0, -8.74228e-08, 0, 1, 0, 8.74228e-08, 0, -1, 0, 1.80548, 0)
remote_path = NodePath("../PlayerUi/Control/ClippingMask/SubViewportContainer/PlayerPortrait/SpringArm3D")

[node name="AnimationTree" type="AnimationTree" parent="." index="3"]
tree_root = SubResource("AnimationNodeBlendTree_r1eqh")
advance_expression_base_node = NodePath("..")
anim_player = NodePath("../AnimationPlayer")
parameters/AnimationNodeStateMachine/conditions/blocking = false
parameters/AnimationNodeStateMachine/conditions/grounded = false
parameters/AnimationNodeStateMachine/IWR/blend_position = Vector2(0, 0)
parameters/TimeScale/scale = 1.0

[node name="Physics" type="CollisionShape3D" parent="." index="4"]
transform = Transform3D(1, 0, 0, 0, 1, 0, 0, 0, 1, 0, 1.2, 0)
shape = SubResource("CapsuleShape3D_ip5od")

[node name="CameraPivot" type="Node3D" parent="." index="5"]
transform = Transform3D(1, 0, 0, 0, 0.939693, -0.34202, 0, 0.34202, 0.939693, 0, 0, 0)

[node name="Camera3D" type="Camera3D" parent="CameraPivot" index="0"]
transform = Transform3D(1, 0, 0, 0, -4.37114e-08, 1, 0, -1, -4.37114e-08, 0, 0, 0)

[node name="SpotLight3D" type="SpotLight3D" parent="." index="6"]
transform = Transform3D(1, 0, 0, 0, -4.37114e-08, 1, 0, -1, -4.37114e-08, 0, 3, 0)
spot_angle = 60.0

[node name="Hit_Hurt Boxes" type="Node3D" parent="." index="7"]

[node name="HurtBox" type="Area3D" parent="Hit_Hurt Boxes" index="0"]
script = ExtResource("3_qogei")

[node name="CollisionShape3D" type="CollisionShape3D" parent="Hit_Hurt Boxes/HurtBox" index="0"]
transform = Transform3D(1, 0, 0, 0, 1, 0, 0, 0, 1, 0, 1.2, 0)
shape = SubResource("CapsuleShape3D_e6h0v")

[node name="Timer" type="Timer" parent="Hit_Hurt Boxes/HurtBox" index="1"]
wait_time = 0.5

[node name="PlayerUi" parent="." index="8" instance=ExtResource("4_o77ci")]

[node name="Control" type="Control" parent="PlayerUi" index="5"]
layout_mode = 3
anchors_preset = 15
anchor_right = 1.0
anchor_bottom = 1.0
grow_horizontal = 2
grow_vertical = 2
mouse_filter = 2

[node name="ClippingMask" type="Panel" parent="PlayerUi/Control" index="0"]
clip_children = 2
z_index = 2
layout_mode = 0
offset_left = 36.0
offset_top = 34.0
offset_right = 209.0
offset_bottom = 256.0
mouse_filter = 2
theme_override_styles/panel = SubResource("StyleBoxTexture_o1ne5")

[node name="SubViewportContainer" type="SubViewportContainer" parent="PlayerUi/Control/ClippingMask" index="0"]
layout_mode = 0
offset_left = -36.0
offset_top = -34.0
offset_right = 476.0
offset_bottom = 478.0
scale = Vector2(0.5, 0.5)

[node name="PlayerPortrait" type="SubViewport" parent="PlayerUi/Control/ClippingMask/SubViewportContainer" index="0"]
handle_input_locally = false
render_target_update_mode = 4

[node name="SpringArm3D" type="SpringArm3D" parent="PlayerUi/Control/ClippingMask/SubViewportContainer/PlayerPortrait" index="0"]
transform = Transform3D(-1, 0, -8.74228e-08, 0, 1, 0, 8.74228e-08, 0, -1, 0, 1.80548, 0)
collision_mask = 3
spring_length = 2.5
margin = 0.1

[node name="Camera3D" type="Camera3D" parent="PlayerUi/Control/ClippingMask/SubViewportContainer/PlayerPortrait/SpringArm3D" index="0"]

[connection signal="timeout" from="Hit_Hurt Boxes/HurtBox/Timer" to="Hit_Hurt Boxes/HurtBox" method="_on_timer_timeout"]
