[gd_scene load_steps=11 format=3 uid="uid://bmojg7sr7rwrc"]

[ext_resource type="PackedScene" uid="uid://qx67mwwxw0gx" path="res://Assets/RPG/KayKit_Adventurers_1.0_FREE/KayKit_Adventurers_1.0_FREE/Characters/gltf/Rogue_Hooded.glb" id="1_6ng26"]
[ext_resource type="AnimationNodeStateMachine" uid="uid://brktypcshptqv" path="res://Resources/knight_state.tres" id="2_u2cea"]
[ext_resource type="Script" path="res://Scripts/hurtbox.gd" id="3_0icjh"]
[ext_resource type="PackedScene" uid="uid://ckstcle8h8g1f" path="res://Scenes/Characters/Character_UI/PlayerUI.tscn" id="4_icx1y"]
[ext_resource type="Texture2D" uid="uid://b0pidw1cbkwmk" path="res://Assets/UI_Assets/Barbarian.png" id="5_tcit6"]

[sub_resource type="AnimationNodeTimeScale" id="AnimationNodeTimeScale_7eciw"]

[sub_resource type="AnimationNodeBlendTree" id="AnimationNodeBlendTree_7vpj6"]
graph_offset = Vector2(-596.465, 0)
nodes/AnimationNodeStateMachine/node = ExtResource("2_u2cea")
nodes/AnimationNodeStateMachine/position = Vector2(-160, 120)
nodes/TimeScale/node = SubResource("AnimationNodeTimeScale_7eciw")
nodes/TimeScale/position = Vector2(115.451, 129.532)
node_connections = [&"TimeScale", 0, &"AnimationNodeStateMachine", &"output", 0, &"TimeScale"]

[sub_resource type="CapsuleShape3D" id="CapsuleShape3D_bk6ym"]
height = 2.4

[sub_resource type="CapsuleShape3D" id="CapsuleShape3D_r3l37"]

[sub_resource type="StyleBoxTexture" id="StyleBoxTexture_ue5bv"]
texture = ExtResource("5_tcit6")

[node name="Rogue_Hooded" instance=ExtResource("1_6ng26")]

[node name="Skeleton3D" parent="Rig" index="0"]
transform = Transform3D(-1, 0, 8.74228e-08, 0, 1, 0, -8.74228e-08, 0, -1, 0, 0, 0)
bones/1/position = Vector3(0, 0.447502, 0)
bones/1/rotation = Quaternion(0, 0.116738, 0, 0.993163)
bones/2/rotation = Quaternion(0.0513922, -0.116561, 0.00676591, 0.99183)
bones/3/rotation = Quaternion(-0.000608408, 3.63799e-12, 3.55053e-11, 1)
bones/4/rotation = Quaternion(-0.684335, -0.321818, -0.309679, 0.576383)
bones/5/rotation = Quaternion(1.7824e-08, -5.27957e-08, -0.576872, 0.816834)
bones/7/rotation = Quaternion(-0.00974562, 0.0202176, 0.437877, 0.898755)
bones/8/position = Vector3(8.34843e-10, 0.0961252, -0.0575)
bones/8/rotation = Quaternion(1.60975e-09, 1.60975e-09, -0.707107, 0.707107)
bones/10/rotation = Quaternion(-0.669436, 0.350709, 0.33384, 0.563391)
bones/11/rotation = Quaternion(1.63954e-08, 5.02983e-08, 0.524797, 0.851227)
bones/13/rotation = Quaternion(0.0420808, -0.0581092, -0.413979, 0.907454)
bones/14/position = Vector3(1.40663e-08, 0.0961251, -0.0575)
bones/14/rotation = Quaternion(-2.34153e-09, 7.60989e-09, 0.707107, 0.707107)
bones/21/position = Vector3(0.170945, 0.113587, 1.78556e-08)
bones/21/rotation = Quaternion(0.951062, -0.00219576, 0.132668, 0.279062)
bones/22/rotation = Quaternion(0.412417, 5.81854e-08, -2.81846e-07, 0.910995)
bones/23/rotation = Quaternion(-0.174865, -0.0437496, 0.0117247, 0.98355)
bones/24/rotation = Quaternion(-3.0351e-08, 0.920355, -0.391084, 7.15634e-08)
bones/25/position = Vector3(-0.170945, 0.113587, 1.78556e-08)
bones/25/rotation = Quaternion(0.924822, -0.0871184, 0.0645084, 0.364628)
bones/26/rotation = Quaternion(0.87518, -2.20499e-08, 6.20916e-07, 0.483797)
bones/27/rotation = Quaternion(-0.726485, 0.0345025, -0.0636354, 0.683359)
bones/28/rotation = Quaternion(2.88297e-08, 0.920355, -0.391084, -6.9174e-08)
bones/29/rotation = Quaternion(0.707107, -2.29302e-07, -4.60551e-08, 0.707107)
bones/30/position = Vector3(0.210945, -0.0345502, 0.163613)
bones/30/rotation = Quaternion(-0.420781, 0.0183716, 0.0395617, 0.906113)
bones/31/position = Vector3(3.43593e-08, 0.362833, -2.42861e-15)
bones/31/rotation = Quaternion(7.10544e-15, -1.49012e-08, 1, 1.05879e-22)
bones/32/rotation = Quaternion(-1.026e-07, 0.391084, 0.920355, -2.99279e-08)
bones/33/position = Vector3(-6.31128e-09, 0.16565, 5.63557e-09)
bones/34/rotation = Quaternion(1, -1.69494e-15, 1.94009e-07, 1.86265e-09)
bones/36/rotation = Quaternion(0.707107, -3.82385e-08, 1.45009e-07, 0.707107)
bones/37/position = Vector3(-0.210945, 0.138028, 0.225909)
bones/37/rotation = Quaternion(-0.511457, -0.0223308, -0.0374699, 0.858201)
bones/38/position = Vector3(3.43593e-08, 0.362833, 2.42861e-15)
bones/38/rotation = Quaternion(7.10544e-15, 7.45058e-09, 1, -9.31323e-10)
bones/39/position = Vector3(3.75294e-09, 0.213436, 1.07269e-08)
bones/39/rotation = Quaternion(-1.00542e-07, 0.391084, 0.920355, -2.70299e-08)
bones/40/position = Vector3(-6.31127e-09, 0.16565, -2.00878e-08)
bones/41/rotation = Quaternion(1, -2.45728e-15, 1.95173e-07, 1.49012e-08)
bones/43/rotation = Quaternion(-0.707107, -7.27951e-08, -7.27951e-08, 0.707107)
bones/44/position = Vector3(0.620841, 1.12501, 0.0512295)
bones/44/rotation = Quaternion(0.597316, 0.378465, 0.418003, -0.570308)
bones/45/rotation = Quaternion(-0.707107, -7.27951e-08, -7.27951e-08, 0.707107)
bones/46/position = Vector3(-0.639244, 1.12312, 0.0597369)
bones/46/rotation = Quaternion(0.553166, -0.39875, -0.404547, -0.609383)

[node name="Knife_Offhand" parent="Rig/Skeleton3D" index="0"]
transform = Transform3D(-0.928904, 0.364084, 0.0676643, 0.0630174, -0.0246429, 0.997708, 0.364917, 0.931039, -5.28252e-05, 0.769846, 1.05989, 0.0536135)
visible = false

[node name="1H_Crossbow" parent="Rig/Skeleton3D" index="1"]
transform = Transform3D(-0.0382405, -0.356102, -0.933663, -0.996803, -0.0519953, 0.0606577, -0.0701464, 0.932998, -0.352976, -0.695048, 1.06374, 0.0835966)

[node name="2H_Crossbow" parent="Rig/Skeleton3D" index="2"]
transform = Transform3D(-0.0382405, -0.356102, -0.933663, -0.996803, -0.0519953, 0.0606577, -0.0701464, 0.932998, -0.352976, -0.695048, 1.06374, 0.0835966)
visible = false

[node name="Knife" parent="Rig/Skeleton3D" index="3"]
transform = Transform3D(0.933663, -0.356102, -0.0382404, -0.0606577, -0.0519956, -0.996803, 0.352976, 0.932998, -0.0701466, -0.796424, 1.06955, 0.0563298)
visible = false

[node name="Throwable" parent="Rig/Skeleton3D" index="4"]
transform = Transform3D(0.933663, -0.356102, -0.0382404, -0.0606577, -0.0519955, -0.996803, 0.352975, 0.932998, -0.0701465, -0.86061, 1.06018, 0.224499)
visible = false

[node name="Rogue_Cape" parent="Rig/Skeleton3D" index="5"]
transform = Transform3D(0.999999, -0.00143641, 0.000114809, 0.00144062, 0.994751, -0.102312, 3.27677e-05, 0.102312, 0.994752, -0.000887984, 1.25442, 0.0637063)

[node name="RemoteTransform3D" type="RemoteTransform3D" parent="." index="2"]
transform = Transform3D(-1, 0, -8.74228e-08, 0, 1, 0, 8.74228e-08, 0, -1, 0, 1.80548, 0)
remote_path = NodePath("../PlayerUi/Control/ClippingMask/SubViewportContainer/PlayerPortrait/SpringArm3D")

[node name="AnimationTree" type="AnimationTree" parent="." index="3"]
tree_root = SubResource("AnimationNodeBlendTree_7vpj6")
advance_expression_base_node = NodePath("..")
anim_player = NodePath("../AnimationPlayer")
parameters/AnimationNodeStateMachine/conditions/blocking = false
parameters/AnimationNodeStateMachine/conditions/grounded = false
parameters/AnimationNodeStateMachine/IWR/blend_position = Vector2(0, 0)
parameters/TimeScale/scale = 1.0

[node name="Physics" type="CollisionShape3D" parent="." index="4"]
transform = Transform3D(1, 0, 0, 0, 1, 0, 0, 0, 1, 0, 1.2, 0)
shape = SubResource("CapsuleShape3D_bk6ym")

[node name="CameraPivot" type="Node3D" parent="." index="5"]
transform = Transform3D(1, 0, 0, 0, 0.939693, -0.34202, 0, 0.34202, 0.939693, 0, 0, 0)

[node name="Camera3D" type="Camera3D" parent="CameraPivot" index="0"]
transform = Transform3D(1, 0, 0, 0, -4.37114e-08, 1, 0, -1, -4.37114e-08, 0, 0, 0)

[node name="SpotLight3D" type="SpotLight3D" parent="." index="6"]
transform = Transform3D(1, 0, 0, 0, -4.37114e-08, 1, 0, -1, -4.37114e-08, 0, 3, 0)
spot_angle = 60.0

[node name="Hit_Hurt Boxes" type="Node3D" parent="." index="7"]

[node name="HurtBox" type="Area3D" parent="Hit_Hurt Boxes" index="0"]
script = ExtResource("3_0icjh")

[node name="CollisionShape3D" type="CollisionShape3D" parent="Hit_Hurt Boxes/HurtBox" index="0"]
transform = Transform3D(1, 0, 0, 0, 1, 0, 0, 0, 1, 0, 1.2, 0)
shape = SubResource("CapsuleShape3D_r3l37")

[node name="Timer" type="Timer" parent="Hit_Hurt Boxes/HurtBox" index="1"]
wait_time = 0.5

[node name="PlayerUi" parent="." index="8" instance=ExtResource("4_icx1y")]

[node name="Control" type="Control" parent="PlayerUi" index="5"]
layout_mode = 3
anchors_preset = 15
anchor_right = 1.0
anchor_bottom = 1.0
grow_horizontal = 2
grow_vertical = 2
mouse_filter = 2

[node name="ClippingMask" type="Panel" parent="PlayerUi/Control" index="0"]
clip_children = 2
z_index = 2
layout_mode = 0
offset_left = 36.0
offset_top = 34.0
offset_right = 209.0
offset_bottom = 256.0
mouse_filter = 2
theme_override_styles/panel = SubResource("StyleBoxTexture_ue5bv")

[node name="SubViewportContainer" type="SubViewportContainer" parent="PlayerUi/Control/ClippingMask" index="0"]
layout_mode = 0
offset_left = -36.0
offset_top = -34.0
offset_right = 476.0
offset_bottom = 478.0
scale = Vector2(0.5, 0.5)

[node name="PlayerPortrait" type="SubViewport" parent="PlayerUi/Control/ClippingMask/SubViewportContainer" index="0"]
handle_input_locally = false
render_target_update_mode = 4

[node name="SpringArm3D" type="SpringArm3D" parent="PlayerUi/Control/ClippingMask/SubViewportContainer/PlayerPortrait" index="0"]
transform = Transform3D(-1, 0, -8.74228e-08, 0, 1, 0, 8.74228e-08, 0, -1, 0, 1.80548, 0)
collision_mask = 3
spring_length = 2.5
margin = 0.1

[node name="Camera3D" type="Camera3D" parent="PlayerUi/Control/ClippingMask/SubViewportContainer/PlayerPortrait/SpringArm3D" index="0"]

[connection signal="timeout" from="Hit_Hurt Boxes/HurtBox/Timer" to="Hit_Hurt Boxes/HurtBox" method="_on_timer_timeout"]
